orders = "4,4,4,5,2,3,8,6,3,2,5,1,5,9,8,6,5,2,9,10,10,2,4,2,2,5,4,4,4,5,5,1,4,10,9,10,\
5,10,9,4,6,7,4,4,10,4,6,10,7,5,5,9,8,7,9,7,7,1,1,4,8,9,8,6,4,7,8,3,10,5,10,9,\
8,1,8,5,6,4,4,9,9,1,4,5,8,3,9,5,10,3,2,4,5,7,10,7,3,6,3,7,9,8,4,10,8,10,1,2,5\
,6,8,10,5,3,4,2,3,1,2,8,9,1,9,9,3,7,2,2,3,1,3,4,6,9,8,4,9,2,10,1,9,2,3,3,9,3,\
2,7,10,2,7,8,7,9,10,6,6,7,3,8,3,1,4,2,5,10,2,3,2,5,1,5,5,1,6,2,2,9,9,1,9,3,6,\
2,5,2,2,8,7,9,8,5,9,3,9,3,4,7,3,7,6,9,2,10,2,4,10,7,6,10,8,1,6,9,8,9,6,2,6,6,\
9,4,1,6,7,2,1,7,8,3,5,5,6,2,8,6,4,10,8,7,4,6,4,4,2,1,8,1,8,7,5,10,7,5,3,4,4,3\
,4,5,4,7,4,9,3,4,5,8,8,6,3,10,4,10,4,10,2,7,5,10,9,5,5,7,7,2,9,10,6,5,9,10,3,\
7,9,6,9,4,10,1,8,5,6,1,2,3,7,8,9,1,9,2,1,6,2,8,9,2,5,4,3,1,6,6,9,6,1,6,5,2,1,\
2,4,4,5,7,1,5,1,10,8,9,4,2,3,5,9,3,4,5,7,9,2,6,5,8,4,5,4,7,8,2,6,10,3,2,1,9,7\
,2,1,2,2,10,9,9,6,1,10,10,4,9,5,8,5,5,2,5,1,7,9,2,5,6,5,2,9,6,3,5,10,3,8,3,7,\
5,1,10,7,6,6,5,3,8,9,9,7,1,6,3,2,8,2,9,8,10,7,2,4,9,5,1,3,1,8,3,10,3,6,6,7,5,\
8,9,9,2,10,3,5,9,6,9,2,9,9,1,6,4,3,1,8,6,4,10,9,6,3,10,9,6,4,6,10,4,1,4,4,2,8\
,4,10,7,1,3,6,3,7,1,8,2,2,5,4,7,6,7,5,5,3,5"

orders_list = orders.split(",")
orders_list_int = []

for i in orders_list:
    orders_list_int.append(int(i))

orders_list_int.sort()
temp_list = []

for i in orders_list_int:
    if i not in temp_list:
        freq = orders_list_int.count(i)
        temp_list.append(i)
        print(f"The {i} product has been ordered {freq} times")
